46
59
63
64
67
74
189
223
225
227
263
273
527
604
616
618
699
715
1005
1050
1116
1121
1167
1182
1202
1257
1339
1369
1494
1585
1600
1629
1656
1777
1884
1887
1907
2020
2046
2049
2050
2054
2123
2138
2155
2299
2451
2488
2521
2535
2587
2708
2770
2806
2821
2832
2848
2866
2883
2908
2982
2998
3030
3121
3134
3175
3299
3345
3376
3456
3770
3829
3853
3887
3899
3922
3927
3929
3931
3945
4046
4051
4086
4111
4335
4467
4475
4477
4499
4527
4578
4632
4634
4682
4684
4710
4749
4757
4770
4775
4777
4786
4791
4792
4793
4795
4801
4919
4966
5065
5068
5092
5141
5153
5172
5209
5279
5359
5427
5594
5624
5664
5691
5722
5737
5803
5836
5876
5887
5893
5897
5898
5963
6041
6048
6064
6073
6181
6215
6223
6272
6296
6317
6360
6367
6376
6403
6450
6488
6564
6650
6716
6722
6741
6816
6951
6986
7030
7056
7061
7105
7181
7212
7257
7280
7282
7287
7342
7348
7392
7450
7471
7494
7538
7575
7648
7655
7688
7798
7904
8000
8036
8038
8045
8062
8064
8078
8113
8226
8298
8329
8337
8343
8346
8360
8363
8368
8387
8420
8430
8456
8469
8484
8489
8535
8551
8557
8576
8631
8646
8690
8691
8693
8699
8709
8756
8803
8804
8808
8811
8821
8822
8896
8942
9026
9040
9097
9234
9243
9250
9308
9358
9374
9381
9408
